110100001101000010110101100100001000110010010111100010101001111011011111101001101000101010001101100101001001000010001001100101101001110010010111001110000011000100110000
110100001101000010110010100111101000101110010111110111111011001110010000100110001001011010011100001110000011000100110000
1101000011010000100100111001000010011000100101101001110011010001100111001000111110001111001110000011000100110000
001110000011000100110000
110111001001011010010001100111001001001110001010100110111001101011011111110111011001110010001101100001101000111110001011110100011001011111011101001110000011000100110000
1101110010010110100100011001110010010011100010101001101110011010110111111100001110011101100101101000101110001100100110101000101111000001001110000011000100110000
001110000011000100110000
100010101000110010010110100100011001100011011111100011001000101110011011110001011100010110011101100101101000101110001100100110101000101111000100001110000011000100110000
001110000011000100110000
001110000011000100110000
1000110010001011100011011001011010010001100110001101111110011100100100001001000110001001100110101000110110001011101010111001000010111101100101101001000110011110100011011000011011010111100011001000101110001101100101101001000110011000110111111001011010010001100011111000101010001011110101101101111110000100001110000011000100110000
1111011010001100100010111000110110010110100100011001100011011111100111011001011010010001100111101000110110000110101011001000101110001101100101101001000110011000110111111100001011011111110111011101110111000100001110000011000100110000
111101101101000011010000101111001001000010010001100010011001101010001101100010111000110011011111100010111001011110011010110111111001101010010001100010111001011010001101100110101101111110001100100010111000110110010110100100011001100011011111100010111001000011011111100111011001011010010001100111101000110110000110110111111001111010010001100110111101111110001100100010111001000010001101100110101000110011011111100101101000101111010001001110000011000100110000
11110110100110011001000010001101110111111101011110001100100101101000010110011010101000001000101111011111100101101101111111000010110111111100111111000100110111111001011011011111110000111101111110010110100100011000111110001010100010111101000110010011100110101001000110011000100010111001011111010111110101101100010011011111110101001101010010010110110101101101111110000100001110000011000100110000
111101101111011010011101100101101000101110001100100110101000101111000011110001111100000111011111100111011001011010001011100011001001101010001011110011101101011110010110100100011000111110001010100010111010010010010110101000101101011011000100001110000011000100110000
11110110111101101001110110010110100100011001111010001101100001101010110010001011100011011001011010010001100110001101111111000010110111111001110110010110100100011001111010001101100001101010110010001011100011011001011010010001100110001101111111010100110111111001110110010110100010111000110010011010100010111100111011010001100010111001000010100000100011001000101110001101100101101001000110011000110101111101011011000100001110000011000100110000
1111011010000010001110000011000100110000
111101101000110110011010100010111000101010001101100100011101111110011101100101101001000110011110100011011000011010101100100010111000110110010110100100011001100011000100001110000011000100110000
10000010001110000011000100110000
001110000011000100110000
100011001000101110011011110001011100010110001001100110101001110010001011100100001000110111000011100101101001000110001011110000011101111110011100100100001001000110001001100110101000110110001011101110011000110110010000100100101011110110010110100100011001111010001101100001101101011110001100100010111000110110010110100100011001100011011111100111011001011010010001100111101000110110000110101100011000101010010010110101101101111110000100001110000011000100110000
111101101001011010010001100010111101111110010001100010101001001011000100001110000011000100110000
1111011010001100100010111001101111000101110001011000100110011010100111001000101110010000100011011100001110001100100010111000110110010110100100011001100011000001110111111001110110010110100100011001111010001101100001101011000110001010100100101001110110011010100011011000110011000100001110000011000100110000
111101101000110010001011100110111100010111000101100010011001101010011100100010111001000010001101110000111001011010010001100010111100000111011111100110111001101010011100100101101001001010011110100100111011000110001010100100101001110110011010100011011000110011000100001110000011000100110000
1111011010001100100010111000110110010110100100011001100011011111100111011001011010010001100111101000110110000110110111111100001011011111110111011101110111000100001110000011000100110000
111101101101000011010000101011001000111110010011100101101000101110001100110111111000101010001111110111111000101110010111100110101101111110011101100101101001000110011110100011011000011011011111100100011000101010010010100111011001101010001101110111111001011010010001100010111001000011011111110001111101111110011101100101101000101111011111100011001001101010011100100010111001011010010000100100011000110011010001001110000011000100110000
111101101001100110010000100011011101111111010111100011001001011010000101100110101010000010001011110111111001011011011111110000101101111111001111110001001101111110010110110111111100001111011111100111011001011010010001100111101000110110000110101100011000101010010010110100011001001110011010100100011001100010001011100101111101011111010110110001001101111110010110110101001100001011000111110101101101111110000100001110000011000100110000
11110110111101101001100110010000100011011101111111010111100101101001000110001011110111111001010111011111110000101101111111001111110001001101111110010101110111111100001111011111110001111100010011011111110101001101010010010101110101101101111110000100001110000011000100110000
111101101111011011110110100111011001011010010001100111101000110110000110110111111101010011000010110111111001110110010110100100011001111010001101100001101011000110001010100100101010010010010101110111111101010011011111100101101010001011000100001110000011000100110000
111101101111011010000010001110000011000100110000
11110110111101101001110110010110100100011001111010001101100001101011000110001010100100101001110110011010100011011000110011010001100011111000101010001100100101111010000010011101100111101001110010010100110101111001110110010110100100011001111010001101100001101101011011000100001110000011000100110000
1111011011110110100111011001011010010001100111101000110110000110110111111100001011011111110111011101110111000100001110000011000100110000
1111011010000010001110000011000100110000
001110000011000100110000
1111011010011001100100001000110111011111110101111000110010010110100001011001101010100000100010111101111110010100110111111100001011011111110011111100010011011111100101001101111111000011110111111001110110010110100100011001111010001101100001101011000110001010100100101001110110011010100011011000110011010001100011001001011010000101100110101101011111010110110001001101111111010100110101001001010011010110001110000011000100110000
1111011010000100001110000011000100110000
111101101111011011010000110100001011110010010000100100011000100110011010100011011000101110001100110111111001110110010110100100011001111010001101100001101101111110001011100100001101111110011011100110101001110010010110100100101001111010010011001110000011000100110000
111101101111011010010001100010101001001011011111110000101101111110001100100010111001101111000101110001011000110010001011100100001001011011010111100111011001011010010001100111101000110110000110101100011000101010010010100111011001101010001101100011001010010010010100101000101101001111011111100100011000101010010011100100111000111110001011100011011101001111001101110101101100010011110110001110000011000100110000
1111011011110110100110111001101010011100100101101001001010011110100100111011000110001010100100101001110110011010100011011000110011010001100011111000101010001100100101111010000010011101100111101001110010010100110101111001000110001010100100101101011011000100001110000011000100110000
1111011010000010001110000011000100110000
1111011010001101100110101000101110001010100011011001000111011111100110111001101010011100100101101001001010011110100100111011000110001010100100101001110110011010100011011000110011000100001110000011000100110000
10000010001110000011000100110000
001110000011000100110000
10001100100010111000110110010110100100011001100011011111100011111000110110010110100100011000101110101100100010111000110110010110100100011001100011010111100011001000101110011011110001011100010110001001100110101001110010001011100100001000110111000011100101101001000110001011110000011101111110011011100110101001110010110001100010101001001010001100110101101101111110000100001110000011000100110000
1111011010001100100010111000110110010110100100011001100011011111100110111001101010011100100011011000011010001111100010111001101010011011101011001000101110001101100101101001000110011000110111111100001011011111110111011101110111000100001110000011000100110000
111101101101000011010000101011111000110110010110100100011000101110001100110111111000101110010111100110101101111110110011100110101000101110001011100110101000110110001100001110000011000100110000
11110110100110011001000010001101110111111101011110001100100101101000010110011010101000001000101111011111100101101101111111000010110111111100111111000100110111111001011011011111110000111101111110011011100110101001110010110001100010101001001010001100110100011000110010010110100001011001101011010111110101101100010011011111110101001101010010010110110101101101111110000100001110000011000100110000
1111011011110110100110111001101010011100100011011000011010001111100010111001101010011011101011001000101110001101100101101001000110011000110111111101010011000010110111111001101110011010100111001011000110001010100100101000110010100100100101101010001011000100001110000011000100110000
1111011010000010001110000011000100110000
111101101000110110011010100010111000101010001101100100011101111110011011100110101001110010001101100001101000111110001011100110101001101110101100100010111000110110010110100100011001100011000100001110000011000100110000
10000010001110000011000100110000
001110000011000100110000
1001011010010001100010111101111110010100100110101000011010110011100100001001100010010110100111001101011110001100100010111000110110010110100100011001100011011111100101001001101010000110110101101101111110000100001110000011000100110000
11110110100101101001000110001011110111111001010010011010100001101011000110001010100100101101111111000010110111111100111111000100001110000011000100110000
1111011011010000110100001011111010011011100110111000110011011111100010111001011110011010110111111001111010001100100111001001011010010110110111111000100110011110100100111000101010011010100011001101111110010000100110011101111110001011100101111001101011011111100101001001101010000110110111111000101110010000100110001001101010001011100101111001101010001101001110000011000100110000
1111011010011001100100001000110111011111110101111000110010010110100001011001101010100000100010111101111110010110110111111100001011011111110011111100010011011111100101101101111111000011110111111001010010011010100001101101000110010011100110101001000110011000100010111001011111010111110101101100010011011111110101001101010010010110110101101101111110000100001110000011000100110000
111101101111011010010100100110101000011010110001100010101001001011011111110000101101111110010100100110101000011010110001100010101001001011011111110101001101111110010100100110101000011010100100100101101010001011000100001110000011000100110000
1111011010000010001110000011000100110000
001110000011000100110000
11110110100101001001101010000110101100011000101010010010110111111101010111000010110111111100110111000100001110000011000100110000
001110000011000100110000
111101101000110110011010100010111000101010001101100100011101111110010100100110101000011010110001100010101001001011000100001110000011000100110000
10000010001110000011000100110000
001110000011000100110000
100011001000101110001101100101101001000110011000110111111001011010010001100010011001101010001101100010111011110110010110100100011001111010001101100001101101011110001100100010111000110110010110100100011001100011011111100111011001011010010001101011001000101110001101110101101101111110000100001110000011000100110000
111101101000110010001011100011011001011010010001100110001101111110010110100100011000100110111101100101101001000110101100100010111000110111000100001110000011000100110000
1111011010011001100100001000110111011111110101111000110010010110100001011001101010100000100010111101111110010110110111111100001011011111110011111100010011011111100101101101111111000011110111111001110110010110100100011010110010001011100011011101000110010011100110101001000110011000100010111001011111010111110101101100010011011111110101001101010010010110110101101101111110000100001110000011000100110000
11110110111101101001011010011001110111111101011110011101100101101001000110101100100010111000110110100100100101101010001011011111110000101100001011011111110110001100111111011000110101101101111110000100001110000011000100110000
11110110111101101111011010010110100100011000100110111101100101101001000110101100100010111000110111010001100101101001000110001100100110101000110110001011110101111001011011010011110111111101110111001110110111011101011011000100001110000011000100110000
111101101111011010000010001110000011000100110000
111101101111011010011010100100111000110010011010110111111001011010011001110111111101011110011101100101101001000110101100100010111000110110100100100101101010001011011111110000101100001011011111110110001100111011011000110101101101111110000100001110000011000100110000
11110110111101101111011010010110100100011000100110111101100101101001000110101100100010111000110111010001100101101001000110001100100110101000110110001011110101111001011011010011110111111101110111001111110111011101011011000100001110000011000100110000
111101101111011010000010001110000011000100110000
1111011010000010001110000011000100110000
111101101000110110011010100010111000101010001101100100011101111110010110100100011000100110111101100101101001000110101100100010111000110111000100001110000011000100110000
10000010001110000011000100110000
